sigma=5.555e-10
scale=2
rho_max=28e7
cushion=2e7
dt=0.01
beta_a=1.24132982455194e-9
beta_r=-1.9419160671532155e-9
alfa_a=15e6
alfa_r=15e6
D_a=1e-10
D_r=1e-9
gamma_a=0.01
gamma_r=0.001
s_a=100
s_r=10