sigma=2.7385246192458654e-10
gamma=8.282940120690955e-05
beta=1.6716092479190575e-08
alpha=1318300.0897794336
D=2.234826120938116e-09
beta_a=2.822075010152414e-10
alfa_a=1576905.108879328
D_a=2.660439336985252e-10
gamma_a=0.0026771917505205188
s_a=3462.9539827745766
beta_r=-3.0674873414256214e-12
alfa_r=3639442.873604306
D_r=3.772064090069758e-10
gamma_r=0.0011087237299356898
s_r=22.481271596257514
scale=5.60981193021692
rho_max=1009929409.1611693
cushion=59946256.483109005
rho0=55417298.26084167