sigma=2.51523129363552e-10
gamma=0.00014056452037927274
beta=4.385411462214893e-08
alpha=1248995.7029288446
D=3.1608807296354777e-09
rho0=433890592.08961695